208000
208001
208002
208003
208004
208005
208006
208007
208008
208009
208010
208011
208030
208040
208050
208060
208100
208110
208120
208130
208140
208150
208200
208201
208210
208211
208220
208230
208240
208300
208310
208320
208330
208340
208350
208360
208370
208380
208390
208450
208460
208470
208480
208490
208560
208570
208571
208600
208650
208700
208710
208720
208721
208722
208723
208724
208730
208740
208741
208742
208750
208760
208800
208810
208850